MAE结果：[0.03782157599925995, 0.03782157599925995, 0.03782157599925995, 0.03782157599925995, 0.03782157599925995, 0.03782157599925995, 0.03782157599925995, 0.03782157599925995, 0.03782157599925995, 0.03782157599925995, 0.03782157599925995, 0.03782157599925995, 0.03782157599925995, 0.03782157599925995, 0.03782157599925995, 0.03782157599925995, 0.03782157599925995, 0.03782157599925995, 0.03782157599925995, 0.03782157599925995, 0.03782157599925995, 0.03782157599925995, 0.03782157599925995, 0.03782157599925995, 0.03782157599925995, 0.03782157599925995, 0.03782157599925995, 0.03782157599925995, 0.03782157599925995, 0.03782157599925995]
MSE变化：[0.0038763778284192085, 0.0038763778284192085, 0.0038763778284192085,
0.0038763778284192085, 0.0038763778284192085, 0.0038763778284192085, 0
.0038763778284192085, 0.0038763778284192085, 0.0038763778284192085
, 0.0038763778284192085, 0.0038763778284192085, 0.0038763778284192085,
 0.0038763778284192085, 0.0038763778284192085, 0.0038763778284192085,
 0.0038763778284192085, 0.0038763778284192085, 0.0038763778284192085,
 0.0038763778284192085, 0.0038763778284192085, 0.0038763778284192085,
 0.0038763778284192085, 0.0038763778284192085, 0.0038763778284192085,
 0.0038763778284192085, 0.0038763778284192085, 0.0038763778284192085,
 0.0038763778284192085, 0.0038763778284192085, 0.0038763778284192085]
运行时间：677.7549065907796 min