MAE结果：[0.037670426070690155, 0.03859429433941841, 0.03859429433941841, 0.03859429433941841,
 0.03859429433941841, 0.03859429433941841, 0.03859429433941841, 0.03859429433941841,
  0.03702250495553017, 0.03702250495553017, 0.03702250495553017, 0.03702250495553017,
  0.03702250495553017, 0.03702250495553017, 0.03702250495553017, 0.03702250495553017,
  0.03702250495553017, 0.03702250495553017, 0.03702250495553017, 0.03702250495553017,
  0.03702250495553017, 0.03702250495553017, 0.03702250495553017, 0.03702250495553017,
  0.035931091755628586, 0.035931091755628586, 0.035931091755628586, 0.035931091755628586,
   0.035931091755628586, 0.035931091755628586]
MSE变化：[0.004173838067799807, 0.003986069466918707, 0.003986069466918707,
 0.003986069466918707, 0.003986069466918707, 0.003986069466918707,
  0.003986069466918707, 0.003986069466918707, 0.0036423744168132544,
  0.0036423744168132544, 0.0036423744168132544, 0.0036423744168132544,
  0.0036423744168132544, 0.0036423744168132544, 0.0036423744168132544,
   0.0036423744168132544, 0.0036423744168132544, 0.0036423744168132544,
   0.0036423744168132544, 0.0036423744168132544, 0.0036423744168132544,
   0.0036423744168132544, 0.0036423744168132544, 0.0036423744168132544,
   0.0034578663762658834, 0.0034578663762658834, 0.0034578663762658834,
    0.0034578663762658834, 0.0034578663762658834, 0.0034578663762658834]
运行时间：882.2056893269221 min