MAE结果：[0.0368608683347702, 0.0368608683347702, 0.0368608683347702, 0.0368608683347702, 0.0368608683347702, 0.0368608683347702, 0.03791411966085434, 0.03790575638413429, 0.03790575638413429, 0.03790575638413429, 0.03790575638413429, 0.03790575638413429, 0.037687528878450394, 0.037687528878450394, 0.037687528878450394, 0.037687528878450394, 0.037687528878450394, 0.037687528878450394, 0.03620125725865364, 0.03620125725865364, 0.03620125725865364, 0.037229984998703, 0.037229984998703, 0.037229984998703, 0.037229984998703, 0.037229984998703, 0.037229984998703, 0.037229984998703, 0.037229984998703, 0.037229984998703]
MSE变化：[0.004057254642248154, 0.004057254642248154, 0.004057254642248154,
 0.004057254642248154, 0.004057254642248154, 0.004057254642248154,
  0.004051431082189083, 0.004016856662929058, 0.004016856662929058,
   0.004016856662929058, 0.004016856662929058, 0.004016856662929058,
    0.0038707770872861147, 0.0038707770872861147, 0.0038707770872861147
    , 0.0038707770872861147, 0.0038707770872861147, 0.0038707770872861147,
     0.0037962740752846003, 0.0037962740752846003, 0.0037962740752846003,
     0.003765671281144023, 0.003765671281144023, 0.003765671281144023,
      0.003765671281144023, 0.003765671281144023, 0.003765671281144023,
      0.003765671281144023, 0.003765671281144023, 0.003765671281144023]
运行时间：533.201230041186 min