MAE结果：[0.03745599091053009, 0.03622909262776375, 0.03622909262776375, 0.03622909262776375, 0.03622909262776375, 0.03622909262776375, 0.03622909262776375, 0.03622909262776375, 0.03622909262776375, 0.03622909262776375, 0.03622909262776375, 0.03622909262776375, 0.03622909262776375, 0.03622909262776375, 0.03622909262776375, 0.03622909262776375, 0.03622909262776375, 0.03622909262776375, 0.03622909262776375, 0.03622909262776375, 0.03622909262776375, 0.03622909262776375, 0.03622909262776375, 0.03622909262776375, 0.03622909262776375, 0.03622909262776375, 0.03622909262776375, 0.03622909262776375, 0.03622909262776375, 0.03622909262776375]
MSE变化：[0.003915293142199516, 0.003543945262208581, 0.003543945262208581,
 0.003543945262208581, 0.003543945262208581, 0.003543945262208581,
  0.003543945262208581, 0.003543945262208581, 0.003543945262208581,
   0.003543945262208581, 0.003543945262208581, 0.003543945262208581,
   0.003543945262208581, 0.003543945262208581, 0.003543945262208581,
   0.003543945262208581, 0.003543945262208581, 0.003543945262208581,
   0.003543945262208581, 0.003543945262208581, 0.003543945262208581,
   0.003543945262208581, 0.003543945262208581, 0.003543945262208581,
   0.003543945262208581, 0.003543945262208581, 0.003543945262208581,
    0.003543945262208581, 0.003543945262208581, 0.003543945262208581]
运行时间：283.6170258363088 min