MAE结果：[0.03808475285768509, 0.03808475285768509, 0.03808475285768509, 0.03808475285768509, 0.03808475285768509, 0.03808475285768509, 0.03808475285768509, 0.03808475285768509, 0.03808475285768509, 0.03750533610582352, 0.03750533610582352, 0.03750533610582352, 0.03750533610582352, 0.03750533610582352, 0.03750533610582352, 0.037937652319669724, 0.037937652319669724, 0.037937652319669724, 0.03743618354201317, 0.03743618354201317, 0.03743618354201317, 0.03743618354201317, 0.03743618354201317, 0.037230607122182846, 0.037230607122182846, 0.037230607122182846, 0.037230607122182846, 0.037230607122182846, 0.037230607122182846, 0.037230607122182846]
MSE变化：[0.004077880643308163, 0.004077880643308163, 0.004077880643308163,
 0.004077880643308163, 0.004077880643308163, 0.004077880643308163,
  0.004077880643308163, 0.004077880643308163, 0.004077880643308163,
  0.004074425902217627, 0.004074425902217627, 0.004074425902217627,
  0.004074425902217627, 0.004074425902217627, 0.004074425902217627,
  0.003966500982642174, 0.003966500982642174, 0.003966500982642174,
  0.003950226120650768, 0.003950226120650768, 0.003950226120650768,
  0.003950226120650768, 0.003950226120650768, 0.0038042536471039057,
   0.0038042536471039057, 0.0038042536471039057, 0.0038042536471039057,
    0.0038042536471039057, 0.0038042536471039057, 0.0038042536471039057]
运行时间：492.80169987281164 min