MAE结果：[0.037388063967227936, 0.037388063967227936, 0.03617486730217934, 0.03617486730217934, 0.03617486730217934, 0.03617486730217934, 0.03617486730217934, 0.03617486730217934, 0.03617486730217934, 0.03617486730217934, 0.03617486730217934, 0.03617486730217934, 0.03617486730217934, 0.03617486730217934, 0.03739820420742035, 0.03739820420742035, 0.03739820420742035, 0.03739820420742035, 0.03739820420742035, 0.03739820420742035, 0.03615874424576759, 0.03615874424576759, 0.03615874424576759, 0.03615874424576759, 0.03596489131450653, 0.03768368437886238, 0.03768368437886238, 0.03768368437886238, 0.03768368437886238, 0.03768368437886238]
MSE变化：[0.00402351189404726, 0.00402351189404726, 0.003820048877969384, 0
.003820048877969384, 0.003820048877969384, 0.003820048877969384,
 0.003820048877969384, 0.003820048877969384, 0.003820048877969384,
  0.003820048877969384, 0.003820048877969384, 0.003820048877969384,
  0.003820048877969384, 0.003820048877969384, 0.003780022030696273,
  0.003780022030696273, 0.003780022030696273, 0.003780022030696273,
   0.003780022030696273, 0.003780022030696273, 0.0037703891284763813,
   0.0037703891284763813, 0.0037703891284763813, 0.0037703891284763813,
    0.003768180962651968, 0.0037427451461553574, 0.0037427451461553574,
    0.0037427451461553574, 0.0037427451461553574, 0.0037427451461553574]
运行时间：537.504616343975 min