MAE结果：[0.006197010632604361, 0.006197010632604361, 0.006197010632604361,
 0.006197010632604361, 0.006197010632604361, 0.006197010632604361,
  0.006197010632604361, 0.006197010632604361, 0.006160530727356672,
  0.006160530727356672, 0.006160530727356672, 0.006160530727356672,
  0.006160530727356672, 0.006047076545655727, 0.006047076545655727,
  0.006047076545655727, 0.006047076545655727, 0.006047076545655727,
   0.006047076545655727, 0.006047076545655727, 0.006047076545655727,
   0.006047076545655727, 0.006047076545655727, 0.006047076545655727,
   0.006047076545655727, 0.006047076545655727, 0.005864686798304319,
   0.005864686798304319, 0.005864686798304319, 0.005864686798304319]
MSE变化：[8.197925490094349e-05, 8.197925490094349e-05, 8.197925490094349e-05,
 8.197925490094349e-05, 8.197925490094349e-05, 8.197925490094349e-05,
  8.197925490094349e-05, 8.197925490094349e-05, 8.18644548417069e-05,
  8.18644548417069e-05, 8.18644548417069e-05, 8.18644548417069e-05,
  8.18644548417069e-05, 7.985129923326895e-05, 7.985129923326895e-05,
  7.985129923326895e-05, 7.985129923326895e-05, 7.985129923326895e-05,
  7.985129923326895e-05, 7.985129923326895e-05, 7.985129923326895e-05,
  7.985129923326895e-05, 7.985129923326895e-05, 7.985129923326895e-05,
  7.985129923326895e-05, 7.985129923326895e-05, 7.556711352663115e-05,
   7.556711352663115e-05, 7.556711352663115e-05, 7.556711352663115e-05]
运行时间：226.58655513525008 min