MAE结果：[0.006282680202275515, 0.0059287273325026035, 0.0059287273325026035, 0.0059287273325026035, 0.0059287273325026035, 0.0059287273325026035, 0.0059287273325026035, 0.0059287273325026035, 0.0059287273325026035, 0.0059287273325026035, 0.0059287273325026035, 0.0059287273325026035, 0.005744860041886568, 0.005744860041886568, 0.005744860041886568, 0.005744860041886568, 0.005744860041886568, 0.005744860041886568, 0.005744860041886568, 0.005744860041886568, 0.005744860041886568, 0.005744860041886568, 0.005744860041886568, 0.005744860041886568, 0.005744860041886568, 0.005744860041886568, 0.005744860041886568, 0.005744860041886568, 0.005744860041886568, 0.005744860041886568]
MSE变化：[8.25132301542908e-05, 7.56321387598291e-05, 7.56321387598291e-05,
7.56321387598291e-05, 7.56321387598291e-05, 7.56321387598291e-05,
7.56321387598291e-05, 7.56321387598291e-05, 7.56321387598291e-05,
7.56321387598291e-05, 7.56321387598291e-05, 7.56321387598291e-05,
 7.323869795072824e-05, 7.323869795072824e-05, 7.323869795072824e-05,
 7.323869795072824e-05, 7.323869795072824e-05, 7.323869795072824e-05,
 7.323869795072824e-05, 7.323869795072824e-05, 7.323869795072824e-05,
 7.323869795072824e-05, 7.323869795072824e-05, 7.323869795072824e-05,
 7.323869795072824e-05, 7.323869795072824e-05, 7.323869795072824e-05,
 7.323869795072824e-05, 7.323869795072824e-05, 7.323869795072824e-05]
运行时间：534.6817669709524 min